Choix du k-core intéressant :

J'ai choisi le 2-core du graphe aeroport car je pense qu'il contient 13 composantes dont une très grande.
Les 12 autres composantes indiquent seulement qu'elle ont un lien avec plus d'un aeroport.

L'énorme composante indiquent que ces aeroports sont très liés entre eux, ainsi il est intéressant de ne pas la diminuer car sinon on perderait beaucoup d'information.


[ 760 494 818 1101 1042 69 1056 485 54 322 869 394 557 1027 955 859 857 475 246 163 1038 930 834 827 799 786 733 705 698 600 445 395 393 359 285 1024 793 270 292 202 1020 913 856 540 250 224 219 197 129 838 140 1123 1094 918 679 668 364 215 80 959 625 559 1099 1098 858 796 556 252 789 249 141 85 1044 581 567 522 501 437 433 242 238 74 128 1112 478 319 262 624 418 41 201 253 1117 1079 1073 1069 1121 1082 1076 1070 1000 927 1077 713 704 737 300 550 696 457 299 480 265 1109 755 711 399 194 161 159 125 100 86 819 1031 988 216 148 998 1037 1003 934 822 630 481 287 276 261 327 611 634 134 776 1068 950 722 489 1007 861 1008 237 958 479 1030 890 616 467 381 309 267 207 953 533 365 1041 1084 911 787 603 310 412 255 1017 671 1087 945 674 275 283 116 1058 1009 592 391 1025 734 615 967 864 622 426 1120 1118 974 968 965 879 641 461 1103 1001 891 675 571 471 978 398 388 1012 979 848 649 997 404 338 707 762 1034 735 656 690 403 839 900 836 470 645 378 552 440 350 236 353 964 785 1072 731 627 408 676 367 816 371 519 750 1055 931 922 254 576 824 1051 926 1100 555 1040 400 791 680 1029 935 860 1095 1086 573 462 670 609 966 632 1107 1032 1002 631 595 1114 683 688 686 944 850 1021 812 905 1115 1097 743 835 636 739 1071 1061 1090 1088 969 826 1106 853 582 821 719 1113 1122 1081 1080 1019 1015 936 921 862 815 792 612 599 568 566 1039 951 932 1036 893 843 877 1092 1093 1105 757 1066 1035 1108 804 874 659 994 948 924 666 1111 416 987 985 972 956 814 780 756 681 647 598 531 523 446 409 339 810 881 849 589 580 477 635 817 940 937 420 608 626 811 876 1085 271 742 407 736 942 919 1119 875 882 903 871 831 770 915 385 661 266 204 1104 569 469 514 699 685 504 502 447 406 925 214 389 413 715 1074 941 1091 904 777 872 495 992 708 912 434 820 665 928 714 1005 989 402 984 392 870 684 854 655 996 653 585 954 907 939 484 209 899 938 868 807 805 884 795 784 783 405 744 561 782 745 596 584 503 372 318 284 83 79 906 218 986 730 725 1078 375 345 809 847 1102 13 369 401 368 293 137 106 99 887 728 759 747 769 233 889 709 637 727 846 1004 554 897 565 643 975 454 866 960 330 880 669 620 650 639 280 720 572 628 577 920 829 621 842 717 1059 840 594 435 885 244 168 464 896 642 363 357 352 823 602 837 334 317 863 332 855 263 773 619 800 658 651 917 604 452 723 597 473 781 778 752 646 579 362 331 741 304 672 436 442 677 613 623 586 578 767 673 1089 830 1016 229 188 971 976 947 999 351 1028 1010 342 6 873 701 774 746 1047 222 269 1046 844 1014 340 977 898 1054 1063 1064 878 852 952 1053 518 973 1043 943 1045 909 916 895 652 1011 825 991 962 591 929 833 914 851 151 657 687 648 539 702 432 957 644 488 1023 184 179 463 172 59 346 946 1062 894 828 712 980 590 765 1018 981 806 775 693 678 724 703 790 654 640 536 535 534 520 528 507 506 524 344 108 606 1022 1110 1096 1067 749 970 1065 664 961 1124 1049 1057 797 667 532 490 438 396 802 537 788 517 439 525 570 341 1048 689 274 175 526 892 417 268 901 754 291 384 307 414 486 27 482 169 295 732 530 444 257 1052 2 738 167 423 515 982 195 511 499 497 513 538 729 241 516 510 718 883 498 529 779 1060 1006 771 803 801 751 695 509 521 491 493 451 512 694 174 281 492 692 453 34 264 164 247 282 227 225 373 277 68 508 500 397 181 187 294 75 721 349 527 245 505 370 288 487 296 427 235 348 53 51 35 94 114 9 311 142 66 146 23 39 33 139 4 315 845 366 325 633 601 543 541 1083 431 448 466 361 574 410 374 347 386 153 562 949 328 768 465 430 380 157 382 379 763 132 1116 286 910 144 710 203 617 228 865 387 425 583 354 136 155 832 162 133 563 682 549 546 208 716 472 390 449 794 43 886 808 173 324 758 87 119 355 1026 1 256 320 995 337 243 314 212 560 360 468 176 152 456 308 383 983 706 1125 740 558 841 697 459 587 329 551 213 1033 89 305 61 429 117 614 356 279 458 298 428 377 411 564 316 302 593 143 663 166 58 415 37 888 182 607 135 933 605 121 217 993 258 867 64 753 189 313 335 248 178 813 171 1013 131 450 272 221 289 112 343 211 273 422 210 548 206 192 376 115 259 251 483 26 460 48 199 183 110 660 200 303 102 764 101 610 113 902 165 544 226 109 545 990 56 766 170 18 547 88 11 662 71 772 32 96 297 120 333 575 223 496 193 97 358 588 84 232 230 798 421 107 205 156 290 98 127 231 474 90 180 160 122 198 147 149 186 95 190 336 177 145 31 124 82 158 123 118 77 78 326 185 57 260 46 726 65 963 278 93 25 424 104 73 103 60 748 62 321 72 234 138 111 55 150 63 443 30 240 8 239 47 629 22 476 28 130 16 92 50 154 14 306 126 24 81 76 21 196 52 91 17 45 105 29 220 15 441 12 67 70 312 42 7 19 40 10 49 5 38 455 923 3 419 908 44 36 20 0 ] 
[ 191 ] 
[ 301 ] 
[ 323 ] 
[ 542 ] 
[ 553 ] 
[ 618 ] 
[ 638 ] 
[ 691 ] 
[ 700 ] 
[ 761 ] 
[ 1050 ] 
[ 1075 ] 

